2 0.782552 0.690741 0.0473958 0.087037 0.358465
2 0.83125 0.681019 0.025 0.0638889 0.365877
2 0.677865 0.703241 0.0880208 0.087963 0.376173
0 0.63724 0.747222 0.0578125 0.318519 0.410856
2 0.920313 0.65463 0.0239583 0.0351852 0.497741
2 0.604688 0.735185 0.13125 0.161111 0.579434
2 0.755208 0.689352 0.084375 0.0916667 0.676718
2 0.713021 0.700463 0.105208 0.0953704 0.680135
2 0.80599 0.681481 0.0546875 0.0722222 0.733274
2 0.852083 0.673611 0.034375 0.0472222 0.771831
2 0.445573 0.768981 0.174479 0.213889 0.872298
2 0.217448 0.80463 0.233854 0.37037 0.912423
