2 0.832292 0.680556 0.0229167 0.0648148 0.251889
2 0.882031 0.667593 0.0317708 0.0388889 0.264463
2 0.952344 0.642593 0.0276042 0.037037 0.289187
2 0.609635 0.726852 0.120312 0.240741 0.31513
2 0.670573 0.703704 0.0640625 0.087037 0.463563
2 0.919792 0.653704 0.0239583 0.0333333 0.477401
2 0.759115 0.689352 0.0713542 0.0898148 0.629831
0 0.619531 0.744907 0.0776042 0.323148 0.638544
2 0.713542 0.700463 0.103125 0.0953704 0.707521
2 0.80651 0.681019 0.0526042 0.0731481 0.787474
2 0.850521 0.672685 0.0364583 0.0490741 0.793316
2 0.445573 0.768519 0.174479 0.212963 0.882021
2 0.217708 0.805093 0.234375 0.371296 0.904866
